2900        2715.000000
2800        2602.000000
2700        2802.000000
2600        2787.000000
2500        3306.000000
2400        2807.000000
2300        3250.000000
2200        2684.000000
2100        3241.000000
2000        3947.000000
1900        3005.000000
1800        3997.000000
1700        2815.000000
1600        3334.000000
1500        2892.000000
1400        2682.000000
1300        3071.000000
1200        2829.000000
1100        3198.000000
1000        4927.000000
500        2939.000000
200        3752.000000
100        5144.000000
